204,AmMe_IRL_F_001,AmMe_IRL_F_002,AmMe_IRL_F_003,AmMe_IRL_F_004,AmMe_IRL_F_005,AmMe_IRL_F_006,AmMe_IRL_F_007,AmMe_IRL_F_008,AmMe_IRL_F_009,AmMe_IRL_F_010,AmMe_IRL_F_011,AmMe_IRL_F_012,AmMe_IRL_F_013,AmMe_IRL_F_014,AmMe_IRL_F_015,AmMe_IRL_F_017,AmMe_IRL_F_019,AmMe_IRL_F_021,AmMe_IRL_F_022,AmMe_IRL_F_024,AmMe_IRL_F_026,AmMe_IRL_F_030,AmMe_IRL_F_031,AmHy_IRL_F_033,AmHy_IRL_F_034,AmHy_IRL_F_036,AmHy_IRL_F_037,AmHy_IRL_F_038,AmHy_IRL_F_039,AmHy_IRL_F_040,AmHy_IRL_F_041,AmHy_IRL_F_042,AmHy_IRL_F_043,AmHy_GBR_F_044,AmHy_IRL_M_045,AmHy_IRL_M_048,AmHy_IRL_M_049,AmMe_IRL_M_053,AmMe_IRL_M_054,AmMe_IRL_M_055,AmMe_IRL_M_057,AmMe_IRL_M_058,AmMe_IRL_M_059,AmMe_IRL_M_060,AmMe_IRL_M_061,AmMe_IRL_M_062,AmMe_IRL_M_064,AmMe_IRL_M_067,AmMe_IRL_M_069,AmMe_IRL_M_072,AmMe_IRL_M_074,AmMe_IRL_F_076,AmMe_IRL_F_078,AmCr_DEU_M_081,AmCr_DEU_M_082,AmCr_DEU_M_083,AmMe_IRL_C_295,Am_IRL_B_297,Am_IRL_B_298,Am_IRL_B_299,AmMe_GBR_A_300,Am_GBR_B_301,Am_GBR_B_302,Am_GBR_B_303,Am_GBR_B_304,Am_GBR_B_305,Am_GBR_B_306,Am_GBR_B_307,Am_GBR_B_308,Am_GBR_B_310,Am_GBR_B_312,Am_GBR_B_313,Am_GBR_B_314,Am_GBR_B_315,Am_GBR_B_316,Am_GBR_B_317,Am_GBR_B_319,Am_GBR_B_320,Am_JEY_B_321,Am_JEY_B_322,Am_CHE_B_323,Am_CHE_B_324,AmMe_FRA_A_325,AmMe_FRA_A_326,AmMe_FRA_A_327,AmMe_FRA_A_328,AmMe_FRA_A_329,AmMe_FRA_A_331,AmMe_FRA_A_332,AmMe_FRA_A_333,AmMe_FRA_A_334,AmMe_FRA_A_336,AmMe_FRA_A_337,AmMe_FRA_A_340,AmMe_FRA_A_341,AmMe_FRA_A_347,AmMe_FRA_A_351,AmMe_FRA_A_352,AmMe_FRA_A_353,AmMe_FRA_A_357,AmMe_FRA_A_366,AmMe_FRA_A_368,AmMe_FRA_A_369,Am_NOR_B_370,Am_NOR_B_371,Am_NOR_B_373,Am_NOR_B_374,Am_NOR_B_377,Am_SWE_B_379,Am_SWE_B_380,Am_SWE_B_382,AmLi_ITA_N_084,AmLi_ITA_N_085,AmSi_ITA_N_086,AmLi_ITA_N_087,AmLi_ITA_N_088,AmLi_ITA_N_090,AmLi_ITA_N_093,AmLi_ITA_N_094,AmLi_ITA_N_096,AmLi_ITA_N_102,AmLi_ITA_N_105,AmRu_MLT_N_117,AmMe_NOR_N_118,AmCr_POL_N_119,AmCr_POL_N_120,AmCr_POL_N_121,AmCr_POL_N_122,AmCr_POL_N_123,AmIb_POR_N_126,AmIb_POR_N_127,AmCr_SEE_N_128,AmCr_SVN_N_129,AmCr_SVN_N_130,AmLi_AUS_N_131,AmCu_EUA_N_132,AmSc_MEX_N_133,AmJe_ARA_N_134,AmSc_ASI_N_135,AmSn_CHN_N_136,AmLi_CHN_N_149,AmLi_CHN_N_150,AmLi_CHN_N_152,AmLi_CHN_N_171,AmLi_CHN_N_192,AmLi_CHN_N_193,AmLi_CHN_N_195,AmLi_CHN_N_232,AmMd_IRN_N_237,Am_IRQ_N_238,Am_IRQ_N_239,AmLi_KOR_N_240,AmLi_KOR_N_241,Am_SAU_N_242,Am_SAU_N_243,Am_SAU_N_244,Am_SAU_N_245,Am_SAU_N_246,Am_SAU_N_247,Am_SAU_N_248,Am_SAU_N_249,Am_SAU_N_250,Am_SAU_N_251,Am_SAU_N_252,Am_SAU_N_253,Am_SAU_N_254,Am_SAU_N_255,AmSy_SYR_N_258,AmSy_SYR_N_259,AmAn_TUR_N_260,AmIn_DZA_N_261,AmSa_DZA_N_262,AmSa_DZA_N_263,AmLa_EGY_N_264,AmSm_ETH_N_265,AmMo_KEN_N_266,AmIn_MAR_N_267,AmUn_MDG_N_268,AmAd_WAF_N_269,AmCa_ZAF_N_270,AmScCa_ZAF_N_271,AmCa_ZAF_N_272,AmCa_ZAF_N_273,AmCa_ZAF_N_274,AmCa_ZAF_N_275,AmCa_ZAF_N_276,AmCa_ZAF_N_277,AmCa_ZAF_N_278,AmCa_ZAF_N_279,AmCa_ZAF_N_280,AmCa_ZAF_N_281,AmCa_ZAF_N_282,AmCa_ZAF_N_283,AmCa_ZAF_N_284,AmCa_ZAF_N_285,AmCa_ZAF_N_286,AmCa_ZAF_N_287,AmCaSc_ZAF_N_288,AmSc_ZAF_N_289,AmSc_ZAF_N_290,AmSc_ZAF_N_291,AmSc_ZAF_N_292,AmSc_ZAF_N_293,AmSc_ZAF_N_294,,
AmMe_IRL_F_001,0,0.0025268,0.0016691,0.0007339,0.0014777,0.0007335,0.0025268,0.0007335,0.0021449,0.0016726,0.0018581,0.0001823,0.0013848,0.0013848,0.0008258,0.0004572,0.0028172,0.0011972,0.0011972,0.0007339,0.0199313,0.0007342,0.001384,0.020337,0.0192447,0.0196226,0.0196174,0.0196174,0.0018591,0.0018591,0.0195746,0.0196234,0.0179535,0.0199233,0.0179061,0.0008286,0.0021449,0.0006412,0.0027697,0.0008274,0.0008259,0.0018587,0.001385,0.0028172,0.0003654,0.0192386,0.0017638,0.0028729,0.0021421,0.0006412,0.0025276,0.001385,0.0179535,0.0196651,0.020528,0.0199631,0.0198382,0.000001,0.0006423,0.019518,0.0022388,0.0192386,0.0010123,0.0200285,0.0201048,0.0200242,0.0202518,0.019651,0.0195746,0.0199313,0.0004585,0.0198423,0.0198859,0.019518,0.0203378,0.0003657,0.0204736,0.019313,0.000641,0.0016671,0.0011963,0.0020476,0.0023316,0.0021415,0.0021415,0.0020489,0.0200682,0.0020489,0.0021435,0.0023448,0.0023448,0.0022371,0.0022371,0.0021401,0.0021401,0.0200701,0.002141,0.002141,0.0023316,0.0022392,0.0022362,0.0024294,0.0021407,0.001761,0.0196651,0.0199631,0.001761,0.0002737,0.020528,0.0006417,0.0006417,0.0204805,0.0197952,0.0182718,0.0203409,0.0203409,0.0197952,0.0197952,0.0205311,0.0202074,0.0195774,0.0199343,0.0184127,0.0009224,0.0196566,0.0196566,0.0199661,0.0199661,0.0199661,0.0177984,0.0020507,0.0198063,0.0195334,0.0195334,0.0203409,0.0199013,0.016985,0.0216079,0.0176585,0.0019548,0.0190451,0.0196449,0.0199249,0.0199295,0.0199337,0.0190415,0.0190415,0.0202104,0.0198888,0.0192431,0.0200687,0.0205311,0.0198395,0.0206093,0.0206093,0.0206108,0.0203028,0.0204436,0.0204436,0.0208681,0.0208724,0.0208672,0.0208724,0.0210145,0.0188777,0.0190324,0.0188777,0.0215951,0.0191529,0.0200315,0.0180168,0.0181856,0.0181856,0.0201918,0.0191433,0.0170303,0.016325,0.0193314,0.0172474,0.0181886,0.0182454,0.018061,0.0172827,0.0182665,0.0182531,0.0180841,0.0183982,0.0169874,0.0179858,0.0182329,0.018091,0.0176711,0.0180285,0.0181692,0.0172752,0.0179858,0.0180114,0.0169874,0.0180059,0.0179134,0.0168557,0.01833,0.0175496,0.0173888,,
AmMe_IRL_F_002,0.0025268,0,0.0008257,0.0021461,0.0025274,0.0023352,0.000001,0.0023352,0.0009192,0.0000904,0.0010112,0.0023345,0.0026244,0.0026244,0.0024304,0.0026229,0.0002738,0.0022402,0.0022402,0.0021461,0.0205882,0.0023367,0.0024314,0.0209972,0.0201691,0.0205501,0.0205447,0.0205447,0.0011977,0.0011977,0.0204995,0.020551,0.0188461,0.0208562,0.0187902,0.0000027,0.0009192,0.0024305,0.0000951,0.0022441,0.0024305,0.0010115,0.0026257,0.0002738,0.0025264,0.0201637,0.0009185,0.0001922,0.0024256,0.0024305,0.0000022,0.0026257,0.0188461,0.0205969,0.0211322,0.0205651,0.0207662,0.0025268,0.0024349,0.0201169,0.0011974,0.0201637,0.0026253,0.0212287,0.0210359,0.0212242,0.0208557,0.0208473,0.0204995,0.0205882,0.0024382,0.0207705,0.0210835,0.0201169,0.0209398,0.0023372,0.0210761,0.020235,0.0022388,0.0021382,0.0024291,0.0025224,0.0028094,0.0026167,0.0026167,0.0023322,0.0211251,0.0023322,0.0026193,0.0028245,0.0028245,0.0027131,0.0027131,0.0024233,0.0024233,0.0204524,0.0026161,0.0026161,0.0028094,0.0027158,0.0027121,0.0027142,0.0026157,0.0028172,0.0205969,0.0205651,0.0028172,0.0022394,0.0211322,0.0022414,0.0022414,0.0210832,0.0203945,0.0191587,0.0209429,0.0209429,0.0203945,0.0203945,0.0211354,0.0208086,0.0205026,0.0205913,0.0193019,0.0027302,0.0202552,0.0202552,0.0205682,0.0205682,0.0205682,0.0186823,0.0025262,0.0204062,0.0204635,0.0204635,0.0209429,0.0211,0.0178569,0.0233978,0.018436,0.0028188,0.019692,0.0211081,0.0205246,0.0205294,0.0205336,0.0199601,0.0199601,0.020812,0.0210867,0.0201684,0.0206692,0.0211354,0.0207675,0.0223737,0.0223737,0.0223754,0.0220573,0.0222017,0.0222017,0.0229199,0.0229247,0.0229189,0.0229247,0.023071,0.0200461,0.020205,0.0200461,0.0233826,0.0208878,0.0212319,0.0189011,0.0190734,0.0190734,0.0216653,0.0203167,0.0179125,0.0173382,0.0205112,0.0181228,0.0190832,0.019143,0.0188439,0.01816,0.0191657,0.0188894,0.0189782,0.0192984,0.0178595,0.0188807,0.0191298,0.0189855,0.0185597,0.0189203,0.0189514,0.0181522,0.0188807,0.0187974,0.0178595,0.0189019,0.0186884,0.0177261,0.0192198,0.0184306,0.0182663,,
AmMe_IRL_F_003,0.0016691,0.0008257,0,0.0012943,0.0016694,0.0014808,0.0008257,0.0014808,0.0004571,0.0000027,0.0001822,0.0014803,0.0017645,0.0017645,0.0015745,0.0017635,0.0011047,0.0013872,0.0013872,0.0012943,0.0198956,0.0016704,0.0015752,0.0203006,0.0192102,0.0195875,0.0195823,0.0195823,0.0003651,0.0003651,0.0195396,0.0195882,0.0181789,0.0198876,0.0178661,0.0000909,0.0004571,0.0015746,0.0009681,0.0013895,0.0015746,0.0001822,0.001765,0.0011047,0.0016688,0.019205,0.0000904,0.0010667,0.00176,0.0015746,0.0008256,0.001765,0.0181789,0.0196308,0.0201599,0.0196013,0.0198028,0.0016691,0.0015773,0.0191614,0.0005487,0.019205,0.0017651,0.0202568,0.020069,0.0202525,0.0198871,0.019879,0.0195396,0.0198956,0.0015795,0.0198069,0.0201139,0.0191614,0.0199723,0.001482,0.0201069,0.0192785,0.0013864,0.0012896,0.0015737,0.0016662,0.0019479,0.0017594,0.0017594,0.0016672,0.020297,0.0016672,0.0017611,0.0019588,0.0019588,0.0018541,0.0018541,0.0017583,0.0017583,0.0200341,0.001759,0.001759,0.0019479,0.0018558,0.0018534,0.0020445,0.0017588,0.0019539,0.0196308,0.0196013,0.0019539,0.0013868,0.0201599,0.001388,0.001388,0.0201136,0.0194349,0.0182311,0.0199753,0.0199753,0.0194349,0.0194349,0.0201629,0.0198432,0.0195425,0.0198985,0.0183716,0.0018655,0.0192977,0.0192977,0.0196042,0.0196042,0.0196042,0.0177587,0.0016687,0.0194456,0.0194992,0.0194992,0.0199753,0.0201294,0.0172064,0.022121,0.0177737,0.001955,0.0190111,0.020146,0.0195635,0.019568,0.0195721,0.0190075,0.0190075,0.019846,0.0201168,0.0192095,0.0197058,0.0201629,0.0198041,0.0211161,0.0211161,0.0211174,0.0208071,0.0209484,0.0209484,0.0216546,0.0216592,0.0216537,0.0216592,0.021802,0.0191032,0.0192585,0.0191032,0.0221076,0.019921,0.0202598,0.0179766,0.0181449,0.0181449,0.020696,0.0193694,0.0172545,0.0164236,0.0198301,0.0174694,0.0184139,0.0184717,0.0181767,0.0175052,0.0184932,0.0182201,0.0183097,0.018625,0.0172089,0.0182118,0.0184591,0.0183167,0.0178959,0.0182531,0.0182847,0.0174976,0.0182118,0.0181276,0.0172089,0.0182321,0.0180281,0.0170769,0.0185543,0.0177726,0.0176112,,
AmMe_IRL_F_004,0.0007339,0.0021461,0.0012943,0,0.0012918,0.0005494,0.0021461,0.0005494,0.0017665,0.0012968,0.001482,0.0005492,0.0010124,0.0010124,0.0006415,0.0008265,0.0024344,0.0010121,0.0010121,0.000001,0.0199559,0.0007345,0.0011983,0.0203632,0.0192689,0.0196475,0.0196422,0.0196422,0.001671,0.001671,0.0195993,0.0196482,0.0182344,0.0199488,0.0179198,0.0005512,0.0017665,0.0006415,0.0023664,0.0006427,0.0006415,0.0014825,0.0010127,0.0024344,0.0007338,0.0192631,0.0013883,0.0024676,0.0019534,0.0006415,0.0021465,0.0010127,0.0182344,0.0196905,0.0205539,0.0199889,0.0198634,0.0007339,0.0006426,0.0195431,0.0018601,0.0192631,0.0008272,0.0200541,0.0201305,0.0200498,0.0202782,0.0196752,0.0195993,0.0199559,0.0006434,0.0198675,0.0199112,0.0195431,0.0203641,0.0005498,0.0205001,0.0193373,0.0004572,0.0014799,0.0008257,0.0018591,0.0021424,0.0019528,0.0019528,0.0018603,0.0200939,0.0018603,0.0019546,0.0021545,0.0021545,0.002048,0.002048,0.0019515,0.0019515,0.0200948,0.0019523,0.0019523,0.0021424,0.00205,0.0020473,0.0022397,0.001952,0.0015736,0.0196905,0.0199889,0.0015736,0.0004573,0.0205539,0.0004577,0.0004577,0.020507,0.0198196,0.0182859,0.0203671,0.0203671,0.0198196,0.0198196,0.020557,0.0202333,0.0196022,0.0199589,0.0184269,0.0009228,0.0196808,0.0196808,0.0199919,0.0199919,0.0199919,0.017812,0.0018618,0.0198309,0.0195585,0.0195585,0.0203671,0.0199267,0.0172577,0.0221903,0.0179372,0.0017664,0.0190689,0.0202081,0.0199504,0.0199541,0.0199583,0.0190654,0.0190654,0.0202364,0.0199142,0.0192676,0.0200944,0.020557,0.0198647,0.0211816,0.0211816,0.0211832,0.0208715,0.0210136,0.0210136,0.0214421,0.0214466,0.0214412,0.0214466,0.02159,0.0189011,0.0190562,0.0189011,0.0221767,0.0197163,0.0200571,0.0180306,0.0181996,0.0181996,0.02076,0.0194284,0.0173062,0.0165978,0.0196184,0.0175217,0.0184703,0.0185282,0.0183422,0.0175576,0.0185499,0.0182757,0.0183657,0.0186821,0.0172602,0.0182673,0.0185155,0.0183727,0.0179503,0.0181992,0.0184504,0.01755,0.0182673,0.0181829,0.0172602,0.0182878,0.0181914,0.0171278,0.0186104,0.017826,0.0176639,,
AmMe_IRL_F_005,0.0014777,0.0025274,0.0016694,0.0012918,0,0.0014779,0.0025274,0.0014779,0.0021453,0.001673,0.0018585,0.0014774,0.001761,0.001761,0.0015715,0.00176,0.0028178,0.0002737,0.0002737,0.0012918,0.0202104,0.0016671,0.0000905,0.0206178,0.0195208,0.0198999,0.0198946,0.0198946,0.0018594,0.0018594,0.019851,0.0199006,0.0182164,0.0202023,0.0181664,0.0003661,0.0021453,0.0015715,0.0027703,0.0013869,0.0015715,0.0018591,0.0017616,0.0028178,0.0016656,0.0195156,0.0017641,0.0028735,0.0021426,0.0015715,0.0025281,0.0017616,0.0182164,0.0199443,0.0208104,0.0202428,0.0201157,0.0014777,0.0015742,0.0197964,0.0022393,0.0195156,0.0017616,0.0205731,0.0203834,0.0205687,0.020533,0.0201936,0.019851,0.0202104,0.0015764,0.0201199,0.0204292,0.0197964,0.0206188,0.0014791,0.0207551,0.0195884,0.0013837,0.0016674,0.0015706,0.002048,0.0023321,0.0021419,0.0021419,0.0020493,0.0206142,0.0020493,0.002144,0.0023453,0.0023453,0.0022375,0.0022375,0.0021406,0.0021406,0.0203498,0.0021415,0.0021415,0.0023321,0.0022397,0.0022367,0.0024299,0.0021411,0.0017613,0.0199443,0.0202428,0.0017613,0.0013841,0.0208104,0.0013853,0.0013853,0.0207621,0.0200737,0.0185331,0.0206218,0.0206218,0.0200737,0.0200737,0.0208135,0.0204877,0.019854,0.0202134,0.0186746,0.0018618,0.0199346,0.0199346,0.0202458,0.0202458,0.0202458,0.0180586,0.0018608,0.0200852,0.019811,0.019811,0.0206218,0.0204451,0.0172413,0.0221663,0.0179197,0.0019552,0.0193194,0.0201873,0.0202039,0.0202086,0.0202128,0.0193158,0.0193158,0.0204909,0.0204323,0.0195191,0.0203484,0.0208135,0.020117,0.0211593,0.0211593,0.0211608,0.0208496,0.0209915,0.0209915,0.0216988,0.0217034,0.0216979,0.0217034,0.0218471,0.0191421,0.0192978,0.0191421,0.0221527,0.0199621,0.0205762,0.0182772,0.018447,0.018447,0.0207383,0.0194089,0.0172894,0.0168361,0.0196074,0.0175049,0.0184519,0.0185098,0.018324,0.0175408,0.0185314,0.0182577,0.0183475,0.0186634,0.0172438,0.0182493,0.0184971,0.0183545,0.0179327,0.0182909,0.0184321,0.0175332,0.0182493,0.018165,0.0172438,0.0182697,0.0181737,0.0171116,0.0185921,0.0175539,0.0176469,,
AmMe_IRL_F_006,0.0007335,0.0023352,0.0014808,0.0005494,0.0014779,0,0.0023352,0.000001,0.0019546,0.0014839,0.0016691,0.0005489,0.0011979,0.0011979,0.0006411,0.000826,0.0026244,0.0011974,0.0011974,0.0005494,0.0199263,0.0007341,0.0013842,0.0203319,0.0192399,0.0196177,0.0196124,0.0196124,0.0018587,0.0018587,0.0195697,0.0196184,0.0182072,0.0199183,0.0178935,0.0007352,0.0019546,0.0006411,0.0025666,0.0006423,0.0006411,0.0016696,0.0011038,0.0026244,0.0007334,0.0192337,0.0015751,0.0026692,0.0021417,0.0006411,0.0023358,0.0011038,0.0182072,0.0196612,0.0205229,0.0199579,0.0198333,0.0007335,0.0006422,0.0195141,0.0020484,0.0192337,0.0004574,0.0200235,0.0200998,0.0200192,0.0199719,0.0196461,0.0195697,0.0199263,0.0008282,0.0198374,0.0198809,0.0195141,0.0203327,0.0007339,0.0204685,0.0193081,0.000457,0.0016667,0.0010103,0.0020472,0.0023312,0.002141,0.002141,0.0020485,0.0200631,0.0020485,0.0021431,0.0021523,0.0021523,0.002046,0.002046,0.0021397,0.0021397,0.020065,0.0019504,0.0019504,0.0023312,0.0022388,0.0022358,0.0024289,0.0021402,0.0017606,0.0196612,0.0199579,0.0017606,0.000641,0.0205229,0.0004575,0.0004575,0.0204754,0.0197902,0.0182591,0.0203357,0.0203357,0.0197902,0.0197902,0.0205259,0.0202023,0.0195725,0.0199293,0.0183997,0.0009222,0.0196517,0.0196517,0.0199609,0.0199609,0.0199609,0.017786,0.0020502,0.0198013,0.0195285,0.0195285,0.0203357,0.0198963,0.0172328,0.0218834,0.0179107,0.0019544,0.0190403,0.0201771,0.0199199,0.0199245,0.0199287,0.0190368,0.0190368,0.0202053,0.0198838,0.0192382,0.0200636,0.0205259,0.0198345,0.0211486,0.0211486,0.0211501,0.0208391,0.0209809,0.0209809,0.0214086,0.0214131,0.0214077,0.0214131,0.0215561,0.0186057,0.0187594,0.0186057,0.0221415,0.0196861,0.0200264,0.0180042,0.0181728,0.0181728,0.0204615,0.0191298,0.0172806,0.0165739,0.0195886,0.0174962,0.0184426,0.0185005,0.0183148,0.0175321,0.018522,0.0182485,0.0183382,0.018654,0.0172353,0.0182401,0.0184878,0.0183453,0.0179237,0.0182816,0.0184228,0.0175245,0.0182401,0.0181558,0.0172353,0.0182605,0.0179009,0.0171032,0.0185829,0.0178,0.0176382,,
AmMe_IRL_F_007,0.0025268,0.000001,0.0008257,0.0021461,0.0025274,0.0023352,0,0.0023352,0.0009192,0.0000904,0.0010112,0.0023345,0.0026244,0.0026244,0.0024304,0.0026229,0.0002738,0.0022402,0.0022402,0.0021461,0.0205882,0.0023367,0.0024314,0.0209972,0.0201691,0.0205501,0.0205447,0.0205447,0.0011977,0.0011977,0.0204995,0.020551,0.0188461,0.0208562,0.0187902,0.0000027,0.0009192,0.0024305,0.0000951,0.0022441,0.0024305,0.0010115,0.0026257,0.0002738,0.0025264,0.0201637,0.0009185,0.0001922,0.0024256,0.0024305,0.0000022,0.0026257,0.0188461,0.0205969,0.0211322,0.0205651,0.0207662,0.0025268,0.0024349,0.0201169,0.0011974,0.0201637,0.0026253,0.0212287,0.0210359,0.0212242,0.0208557,0.0208473,0.0204995,0.0205882,0.0024382,0.0207705,0.0210835,0.0201169,0.0209398,0.0023372,0.0210761,0.020235,0.0022388,0.0021382,0.0024291,0.0025224,0.0028094,0.0026167,0.0026167,0.0023322,0.0211251,0.0023322,0.0026193,0.0028245,0.0028245,0.0027131,0.0027131,0.0024233,0.0024233,0.0204524,0.0026161,0.0026161,0.0028094,0.0027158,0.0027121,0.0027142,0.0026157,0.0028172,0.0205969,0.0205651,0.0028172,0.0022394,0.0211322,0.0022414,0.0022414,0.0210832,0.0203945,0.0191587,0.0209429,0.0209429,0.0203945,0.0203945,0.0211354,0.0208086,0.0205026,0.0205913,0.0193019,0.0027302,0.0202552,0.0202552,0.0205682,0.0205682,0.0205682,0.0186823,0.0025262,0.0204062,0.0204635,0.0204635,0.0209429,0.0211,0.0178569,0.0233978,0.018436,0.0028188,0.019692,0.0211081,0.0205246,0.0205294,0.0205336,0.0199601,0.0199601,0.020812,0.0210867,0.0201684,0.0206692,0.0211354,0.0207675,0.0223737,0.0223737,0.0223754,0.0220573,0.0222017,0.0222017,0.0229199,0.0229247,0.0229189,0.0229247,0.023071,0.0200461,0.020205,0.0200461,0.0233826,0.0208878,0.0212319,0.0189011,0.0190734,0.0190734,0.0216653,0.0203167,0.0179125,0.0173382,0.0205112,0.0181228,0.0190832,0.019143,0.0188439,0.01816,0.0191657,0.0188894,0.0189782,0.0192984,0.0178595,0.0188807,0.0191298,0.0189855,0.0185597,0.0189203,0.0189514,0.0181522,0.0188807,0.0187974,0.0178595,0.0189019,0.0186884,0.0177261,0.0192198,0.0184306,0.0182663,,
AmMe_IRL_F_008,0.0007335,0.0023352,0.0014808,0.0005494,0.0014779,0.000001,0.0023352,0,0.0019546,0.0014839,0.0016691,0.0005489,0.0011979,0.0011979,0.0006411,0.000826,0.0026244,0.0011974,0.0011974,0.0005494,0.0199263,0.0007341,0.0013842,0.0203319,0.0192399,0.0196177,0.0196124,0.0196124,0.0018587,0.0018587,0.0195697,0.0196184,0.0182072,0.0199183,0.0178935,0.0007352,0.0019546,0.0006411,0.0025666,0.0006423,0.0006411,0.0016696,0.0011038,0.0026244,0.0007334,0.0192337,0.0015751,0.0026692,0.0021417,0.0006411,0.0023358,0.0011038,0.0182072,0.0196612,0.0205229,0.0199579,0.0198333,0.0007335,0.0006422,0.0195141,0.0020484,0.0192337,0.0004574,0.0200235,0.0200998,0.0200192,0.0199719,0.0196461,0.0195697,0.0199263,0.0008282,0.0198374,0.0198809,0.0195141,0.0203327,0.0007339,0.0204685,0.0193081,0.000457,0.0016667,0.0010103,0.0020472,0.0023312,0.002141,0.002141,0.0020485,0.0200631,0.0020485,0.0021431,0.0021523,0.0021523,0.002046,0.002046,0.0021397,0.0021397,0.020065,0.0019504,0.0019504,0.0023312,0.0022388,0.0022358,0.0024289,0.0021402,0.0017606,0.0196612,0.0199579,0.0017606,0.000641,0.0205229,0.0004575,0.0004575,0.0204754,0.0197902,0.0182591,0.0203357,0.0203357,0.0197902,0.0197902,0.0205259,0.0202023,0.0195725,0.0199293,0.0183997,0.0009222,0.0196517,0.0196517,0.0199609,0.0199609,0.0199609,0.017786,0.0020502,0.0198013,0.0195285,0.0195285,0.0203357,0.0198963,0.0172328,0.0218834,0.0179107,0.0019544,0.0190403,0.0201771,0.0199199,0.0199245,0.0199287,0.0190368,0.0190368,0.0202053,0.0198838,0.0192382,0.0200636,0.0205259,0.0198345,0.0211486,0.0211486,0.0211501,0.0208391,0.0209809,0.0209809,0.0214086,0.0214131,0.0214077,0.0214131,0.0215561,0.0186057,0.0187594,0.0186057,0.0221415,0.0196861,0.0200264,0.0180042,0.0181728,0.0181728,0.0204615,0.0191298,0.0172806,0.0165739,0.0195886,0.0174962,0.0184426,0.0185005,0.0183148,0.0175321,0.018522,0.0182485,0.0183382,0.018654,0.0172353,0.0182401,0.0184878,0.0183453,0.0179237,0.0182816,0.0184228,0.0175245,0.0182401,0.0181558,0.0172353,0.0182605,0.0179009,0.0171032,0.0185829,0.0178,0.0176382,,
AmMe_IRL_F_009,0.0021449,0.0009192,0.0004571,0.0017665,0.0021453,0.0019546,0.0009192,0.0019546,0,0.0002742,0.0006412,0.001954,0.0022416,0.0022416,0.0020492,0.0022403,0.001199,0.0018602,0.0018602,0.0017665,0.0200686,0.0021466,0.0020501,0.0204753,0.0193802,0.0197588,0.0197535,0.0197535,0.0008262,0.0008262,0.0197103,0.0197596,0.0186046,0.0200605,0.0182853,0.0003664,0.000001,0.0020493,0.0010675,0.0018634,0.0020493,0.0006414,0.0022424,0.001199,0.0021445,0.019375,0.0005491,0.001166,0.0022357,0.0020493,0.0009193,0.0022424,0.0186046,0.0198028,0.020334,0.0197729,0.0199746,0.0021449,0.0020529,0.0193307,0.000826,0.019375,0.0022423,0.020431,0.0202419,0.0204266,0.02006,0.0200519,0.0197103,0.0200686,0.0020557,0.0199788,0.0202874,0.0193307,0.0201452,0.0019563,0.0202803,0.0194481,0.0018591,0.0017601,0.0020481,0.0021411,0.0024254,0.0022351,0.0022351,0.0021425,0.0203269,0.0021425,0.0022372,0.0024392,0.0024392,0.0023307,0.0023307,0.0022336,0.0022336,0.0199335,0.0022346,0.0022346,0.0024254,0.002333,0.0023299,0.0025234,0.0022342,0.0024329,0.0198028,0.0197729,0.0024329,0.0018595,0.020334,0.0018612,0.0018612,0.0202871,0.0196054,0.0186525,0.0201482,0.0201482,0.0196054,0.0196054,0.020337,0.0200154,0.0197133,0.0200716,0.0187944,0.0023453,0.0194676,0.0194676,0.0197758,0.0197758,0.0197758,0.0181775,0.0021443,0.0196163,0.0196697,0.0196697,0.0201482,0.0203031,0.0176198,0.0225773,0.0181956,0.0024343,0.0189105,0.020586,0.0197345,0.0197391,0.0197432,0.019176,0.019176,0.0200183,0.0202904,0.0193784,0.0198775,0.020337,0.0199759,0.0215639,0.0215639,0.0215653,0.0212517,0.0213943,0.0213943,0.022106,0.0221106,0.0221051,0.0221106,0.0222549,0.0192629,0.0194191,0.0192629,0.0225632,0.0203628,0.020434,0.0183962,0.0185665,0.0185665,0.0211402,0.0198014,0.0176727,0.0168364,0.020267,0.0178851,0.0188407,0.0189004,0.0186024,0.0179218,0.0189226,0.0186471,0.0187364,0.0190552,0.0176223,0.0186385,0.0188874,0.0187436,0.018319,0.0186781,0.0187103,0.017914,0.0186385,0.0185547,0.0176223,0.0186594,0.0184489,0.0174893,0.0189793,0.0181916,0.0180281,,
AmMe_IRL_F_010,0.0016726,0.0000904,0.0000027,0.0012968,0.001673,0.0014839,0.0000904,0.0014839,0.0002742,0,0.0001824,0.0014834,0.0017675,0.0017675,0.0015778,0.0017665,0.0000904,0.0013901,0.0013901,0.0012968,0.0196707,0.0015791,0.0015785,0.0200752,0.019123,0.0195008,0.0194956,0.0194956,0.0003656,0.0003656,0.0194531,0.0195015,0.0180908,0.019801,0.0179083,0.0000914,0.0002742,0.0015779,0.0001922,0.0013924,0.0015779,0.0001824,0.0017686,0.0000904,0.0016724,0.0191179,0.0000904,0.0002886,0.001763,0.0015779,0.0000911,0.0017686,0.0180908,0.0195439,0.0200736,0.0195146,0.0197165,0.0016726,0.0015806,0.0190745,0.0004574,0.0191179,0.0017681,0.0201707,0.0199829,0.0201664,0.0198005,0.0197924,0.0194531,0.0196707,0.0015828,0.0197206,0.0200276,0.0190745,0.019886,0.0014851,0.0200207,0.0191917,0.0013893,0.0012921,0.001577,0.0016697,0.0019519,0.0017624,0.0017624,0.0016708,0.0202003,0.0016708,0.0017641,0.0019628,0.0019628,0.0018576,0.0018576,0.0016675,0.0016675,0.0196707,0.0017621,0.0017621,0.0019519,0.0018594,0.0018569,0.0020488,0.0017618,0.0019579,0.0195439,0.0195146,0.0019579,0.0013896,0.0200736,0.0013908,0.0013908,0.0200274,0.0193482,0.0182741,0.019889,0.019889,0.0193482,0.0193482,0.0200765,0.0197568,0.0194559,0.0196736,0.018415,0.0018691,0.0192109,0.0192109,0.0195175,0.0195175,0.0195175,0.0178006,0.0016722,0.0193589,0.0194122,0.0194122,0.019889,0.0200432,0.0171183,0.0220362,0.0176853,0.0019589,0.0187881,0.0200597,0.0194769,0.0194814,0.0194854,0.0189205,0.0189205,0.0197595,0.0200306,0.0191223,0.0196193,0.0200765,0.0197178,0.0210305,0.0210305,0.0210321,0.0207214,0.0208632,0.0208632,0.0215696,0.0215742,0.0215687,0.0215742,0.0217179,0.0190125,0.0191678,0.0190125,0.0220228,0.0198338,0.0201736,0.018019,0.0181878,0.0181878,0.0206101,0.0192824,0.0171654,0.0164621,0.019609,0.0173814,0.0183264,0.0183836,0.0180886,0.017417,0.0184049,0.0181316,0.0182217,0.0185369,0.0171207,0.0181233,0.018371,0.0182287,0.0178076,0.0181658,0.0181971,0.0174095,0.0181233,0.0180388,0.0171207,0.0181436,0.0179403,0.0169887,0.0184669,0.0176846,0.0175232,,
AmMe_IRL_F_011,0.0018581,0.0010112,0.0001822,0.001482,0.0018585,0.0016691,0.0010112,0.0016691,0.0006412,0.0001824,0,0.0016686,0.001954,0.001954,0.0017631,0.0019529,0.0012913,0.0015753,0.0015753,0.001482,0.0201655,0.0018596,0.0017639,0.020572,0.0194775,0.0198557,0.0198505,0.0198505,0.0005487,0.0005487,0.0198071,0.0198565,0.0184427,0.0201575,0.0181263,0.0002739,0.0006412,0.0017632,0.0011647,0.0015779,0.0017632,0.0003651,0.0019546,0.0012913,0.0018578,0.0194723,0.0002735,0.0012632,0.001949,0.0017632,0.0010113,0.0019546,0.0184427,0.0199,0.0204308,0.0198699,0.0200712,0.0018581,0.0017663,0.0194278,0.000733,0.0194723,0.0019546,0.0205275,0.0203383,0.0205232,0.020157,0.0201488,0.0198071,0.0201655,0.0017687,0.0200754,0.020384,0.0194278,0.0202419,0.0016705,0.0203769,0.0195451,0.0013862,0.0014766,0.0017622,0.0018549,0.0021375,0.0019484,0.0019484,0.0018561,0.0205684,0.0018561,0.0019502,0.0021496,0.0021496,0.0020434,0.0020434,0.0019471,0.0019471,0.0203046,0.0019479,0.0019479,0.0021375,0.0020453,0.0020426,0.0022346,0.0019476,0.0019536,0.0199,0.0198699,0.0019536,0.0015747,0.0204308,0.0015761,0.0015761,0.0203837,0.0197023,0.0184923,0.0202449,0.0202449,0.0197023,0.0197023,0.0204338,0.0201122,0.01981,0.0201685,0.0186335,0.002056,0.0195646,0.0195646,0.0198728,0.0198728,0.0198728,0.0180187,0.0016684,0.0197133,0.0197679,0.0197679,0.0202449,0.0203998,0.0174637,0.0223996,0.0180356,0.0021453,0.0192767,0.0204167,0.0198313,0.0198359,0.01984,0.0192731,0.0192731,0.0201151,0.020387,0.0194767,0.0199743,0.0204338,0.0200725,0.0213906,0.0213906,0.0213918,0.02108,0.0212215,0.0212215,0.0219307,0.0219353,0.0219298,0.0219353,0.0217981,0.0193686,0.0195249,0.0193686,0.0223857,0.020193,0.0205306,0.0182369,0.0184063,0.0184063,0.0209687,0.019636,0.0175147,0.0166813,0.0200992,0.0177278,0.018678,0.0187371,0.0184405,0.0177641,0.018759,0.0184847,0.018574,0.0188912,0.0174662,0.0184762,0.0187242,0.0185811,0.0181583,0.0185174,0.0185483,0.0177564,0.0184762,0.0183924,0.0174662,0.0182289,0.0182892,0.0173337,0.0188174,0.0180328,0.0178702,,
AmMe_IRL_F_012,0.0001823,0.0023345,0.0014803,0.0005492,0.0014774,0.0005489,0.0023345,0.0005489,0.001954,0.0014834,0.0016686,0,0.0011975,0.0011975,0.0006409,0.0002737,0.0026236,0.001197,0.001197,0.0005492,0.0196547,0.0005494,0.0013838,0.0200587,0.018971,0.0193478,0.0193426,0.0193426,0.0016694,0.0016694,0.0193005,0.0193485,0.0179501,0.0196468,0.0176399,0.0007349,0.001954,0.000457,0.0025658,0.0006421,0.0006409,0.0016691,0.0011973,0.0026236,0.0001823,0.0189651,0.0015746,0.0026683,0.0019515,0.000457,0.002335,0.0011973,0.0179501,0.0193895,0.0202473,0.0196859,0.0195632,0.0001823,0.0004578,0.0192433,0.0020477,0.0189651,0.0008264,0.019752,0.0198288,0.0197478,0.0199732,0.0193756,0.0193005,0.0196547,0.0002745,0.0195672,0.01961,0.0192433,0.0200594,0.0001824,0.0201947,0.01904,0.0004568,0.0014786,0.00101,0.0018573,0.0021404,0.0019509,0.0019509,0.0018585,0.0197909,0.0018585,0.0019528,0.0021524,0.0021524,0.0020461,0.0020461,0.0019497,0.0019497,0.0197929,0.0019505,0.0019505,0.0021404,0.002048,0.0020453,0.0022375,0.0019502,0.0015721,0.0193895,0.0196859,0.0015721,0.0000905,0.0202473,0.0004573,0.0004573,0.0202015,0.0195181,0.0180046,0.0200624,0.0200624,0.0195181,0.0195181,0.0202504,0.0199295,0.0193034,0.0196576,0.0181446,0.0007363,0.0193802,0.0193802,0.0196888,0.0196888,0.0196888,0.0175324,0.0018601,0.0195291,0.0192583,0.0192583,0.0200624,0.0196252,0.0169819,0.0216038,0.0176552,0.0017647,0.0187732,0.0196412,0.0196484,0.0196529,0.019657,0.0187697,0.0187697,0.0199324,0.0196129,0.0189696,0.0197915,0.0202504,0.0195645,0.0206054,0.0206054,0.0206069,0.020299,0.0204397,0.0204397,0.0208641,0.0208685,0.0208632,0.0208685,0.0210105,0.0188741,0.0190288,0.0188741,0.021591,0.0191493,0.0197549,0.0177505,0.0179181,0.0179181,0.020188,0.0191397,0.0170271,0.016322,0.0193278,0.0172442,0.0181852,0.018242,0.0180576,0.0172795,0.0182631,0.0182496,0.0180807,0.0183948,0.0169843,0.0179824,0.0182295,0.0180876,0.0176678,0.0180251,0.0181658,0.017272,0.0179824,0.018008,0.0169843,0.0180025,0.0179101,0.0168527,0.0183266,0.0175463,0.0173856,,
AmMe_IRL_F_013,0.0013848,0.0026244,0.0017645,0.0010124,0.001761,0.0011979,0.0026244,0.0011979,0.0022416,0.0017675,0.001954,0.0011975,0,0.000001,0.001291,0.0014785,0.0029156,0.0014788,0.0014788,0.0010124,0.0206213,0.0013859,0.0016668,0.0210309,0.0199276,0.0203081,0.0203027,0.0203027,0.0021449,0.0021449,0.0202581,0.0203089,0.0188854,0.020613,0.0185622,0.0010154,0.0022416,0.0011043,0.0026693,0.0011067,0.001291,0.0019546,0.0000022,0.0029156,0.0013846,0.0199222,0.0018594,0.0028746,0.0024293,0.0011043,0.0026252,0.0000022,0.0188854,0.020354,0.0212258,0.0206556,0.0205242,0.0013848,0.0012932,0.0202048,0.0023357,0.0199222,0.0014798,0.020452,0.0207933,0.0207137,0.0209478,0.020338,0.0202581,0.0206213,0.001295,0.0205285,0.0205739,0.0202048,0.0210321,0.0011988,0.0211692,0.0199941,0.0011043,0.0019512,0.0012903,0.0023343,0.0026198,0.0024286,0.0024286,0.0023358,0.0207596,0.0023358,0.002431,0.0026348,0.0026348,0.0025248,0.0025248,0.002427,0.002427,0.0207615,0.0024281,0.0024281,0.0026198,0.0025273,0.0025238,0.0027184,0.0024277,0.0018558,0.020354,0.0206556,0.0018558,0.0011045,0.0212258,0.0009193,0.0009193,0.0211764,0.0204838,0.0189304,0.0210352,0.0210352,0.0204838,0.0204838,0.021229,0.0209002,0.0202611,0.0206243,0.0190731,0.0015786,0.0203438,0.0203438,0.0206586,0.0206586,0.0206586,0.0184542,0.0023379,0.0204957,0.0202209,0.0202209,0.0210352,0.0205899,0.0178935,0.0225992,0.0185843,0.0022414,0.0197236,0.0208741,0.0206147,0.0206195,0.0206238,0.0197199,0.0197199,0.0209036,0.020577,0.0199268,0.0207601,0.021229,0.0205255,0.0218558,0.0218558,0.0218573,0.021542,0.0216852,0.0216852,0.0221175,0.0221222,0.0221166,0.0221222,0.0222666,0.019023,0.0191783,0.019023,0.022859,0.020384,0.020455,0.0186732,0.0188447,0.0188447,0.0214303,0.019822,0.0179496,0.0172362,0.0202786,0.01816,0.0191221,0.0191829,0.0187241,0.0181973,0.0192056,0.0189287,0.0190178,0.0193386,0.0178961,0.01892,0.0191698,0.0190251,0.0185984,0.0189585,0.0191011,0.0181894,0.01892,0.0188365,0.0178961,0.0189413,0.0188362,0.0175084,0.0192593,0.0184685,0.0183038,,
AmMe_IRL_F_014,0.0013848,0.0026244,0.0017645,0.0010124,0.001761,0.0011979,0.0026244,0.0011979,0.0022416,0.0017675,0.001954,0.0011975,0.000001,0,0.001291,0.0014785,0.0029156,0.0014788,0.0014788,0.0010124,0.0206213,0.0013859,0.0016668,0.0210309,0.0199276,0.0203081,0.0203027,0.0203027,0.0021449,0.0021449,0.0202581,0.0203089,0.0188854,0.020613,0.0185622,0.0010154,0.0022416,0.0011043,0.0026693,0.0011067,0.001291,0.0019546,0.0000022,0.0029156,0.0013846,0.0199222,0.0018594,0.0028746,0.0024293,0.0011043,0.0026252,0.0000022,0.0188854,0.020354,0.0212258,0.0206556,0.0205242,0.0013848,0.0012932,0.0202048,0.0023357,0.0199222,0.0014798,0.020452,0.0207933,0.0207137,0.0209478,0.020338,0.0202581,0.0206213,0.001295,0.0205285,0.0205739,0.0202048,0.0210321,0.0011988,0.0211692,0.0199941,0.0011043,0.0019512,0.0012903,0.0023343,0.0026198,0.0024286,0.0024286,0.0023358,0.0207596,0.0023358,0.002431,0.0026348,0.0026348,0.0025248,0.0025248,0.002427,0.002427,0.0207615,0.0024281,0.0024281,0.0026198,0.0025273,0.0025238,0.0027184,0.0024277,0.0018558,0.020354,0.0206556,0.0018558,0.0011045,0.0212258,0.0009193,0.0009193,0.0211764,0.0204838,0.0189304,0.0210352,0.0210352,0.0204838,0.0204838,0.021229,0.0209002,0.0202611,0.0206243,0.0190731,0.0015786,0.0203438,0.0203438,0.0206586,0.0206586,0.0206586,0.0184542,0.0023379,0.0204957,0.0202209,0.0202209,0.0210352,0.0205899,0.0178935,0.0225992,0.0185843,0.0022414,0.0197236,0.0208741,0.0206147,0.0206195,0.0206238,0.0197199,0.0197199,0.0209036,0.020577,0.0199268,0.0207601,0.021229,0.0205255,0.0218558,0.0218558,0.0218573,0.021542,0.0216852,0.0216852,0.0221175,0.0221222,0.0221166,0.0221222,0.0222666,0.019023,0.0191783,0.019023,0.022859,0.020384,0.020455,0.0186732,0.0188447,0.0188447,0.0214303,0.019822,0.0179496,0.0172362,0.0202786,0.01816,0.0191221,0.0191829,0.0187241,0.0181973,0.0192056,0.0189287,0.0190178,0.0193386,0.0178961,0.01892,0.0191698,0.0190251,0.0185984,0.0189585,0.0191011,0.0181894,0.01892,0.0188365,0.0178961,0.0189413,0.0188362,0.0175084,0.0192593,0.0184685,0.0183038,,
AmMe_IRL_F_015,0.0008258,0.0024304,0.0015745,0.0006415,0.0015715,0.0006411,0.0024304,0.0006411,0.0020492,0.0015778,0.0017631,0.0006409,0.001291,0.001291,0,0.0009185,0.0027201,0.0012905,0.0012905,0.0006415,0.0203306,0.0008264,0.0014776,0.0207383,0.0196402,0.0200195,0.0200141,0.0200141,0.0019531,0.0019531,0.0199703,0.0200202,0.0183429,0.0203224,0.0180273,0.0008286,0.0020492,0.0007332,0.0026675,0.0007346,0.000549,0.0017637,0.001291,0.0027201,0.0008257,0.0196349,0.001669,0.0027703,0.0021409,0.0007332,0.0024311,0.001291,0.0183429,0.0200643,0.0209315,0.0203641,0.0202352,0.0008258,0.0007345,0.0199161,0.0021431,0.0196349,0.0007339,0.0204275,0.0205032,0.0204232,0.0206548,0.0200487,0.0199703,0.0203306,0.0009209,0.0202394,0.0202841,0.0199161,0.0207394,0.0008263,0.0208759,0.0197075,0.0005488,0.0017607,0.001103,0.0021418,0.0024262,0.0022358,0.0022358,0.0021432,0.0204682,0.0021432,0.0022379,0.00244,0.00244,0.0023315,0.0023315,0.0022344,0.0022344,0.0204701,0.0022353,0.0022353,0.0024262,0.0023338,0.0023306,0.0025242,0.0022349,0.0018547,0.0200643,0.0203641,0.0018547,0.0007331,0.0209315,0.0005494,0.0005494,0.0208829,0.0201938,0.0183934,0.0207425,0.0207425,0.0201938,0.0201938,0.0209347,0.0206082,0.0199733,0.0203336,0.0185345,0.0010152,0.0200544,0.0200544,0.0203672,0.0203672,0.0203672,0.0179196,0.002145,0.0202053,0.0199318,0.0199318,0.0207425,0.0202998,0.017365,0.0224086,0.0180454,0.002049,0.0194382,0.020425,0.0203241,0.0203288,0.020333,0.0194345,0.0194345,0.0206114,0.0202871,0.0196395,0.0204687,0.0209347,0.0199729,0.0213992,0.0213992,0.0214005,0.0210885,0.0212303,0.0212303,0.0216595,0.021664,0.0216586,0.021664,0.021807,0.0190004,0.0191556,0.0190004,0.0221228,0.0199348,0.0204306,0.018138,0.0183072,0.0183072,0.0207103,0.0192665,0.0174142,0.0167063,0.0199902,0.017629,0.0185786,0.018637,0.0184506,0.0176651,0.0186588,0.0183846,0.0184742,0.018791,0.0173675,0.0183761,0.0186243,0.0184813,0.0180587,0.0184171,0.0185585,0.0176575,0.0183761,0.018292,0.0173675,0.0183967,0.018299,0.017235,0.0187182,0.0179337,0.0177713,,
AmMe_IRL_F_017,0.0004572,0.0026229,0.0017635,0.0008265,0.00176,0.000826,0.0026229,0.000826,0.0022403,0.0017665,0.0019529,0.0002737,0.0014785,0.0014785,0.0009185,0,0.0029139,0.001478,0.001478,0.0008265,0.0197925,0.0008268,0.0016658,0.0201973,0.0191073,0.0194847,0.0194795,0.0194795,0.0019539,0.0019539,0.019437,0.0194854,0.0183518,0.0197845,0.0180359,0.0010148,0.0022403,0.0007335,0.0028716,0.0009202,0.0009185,0.0019535,0.0014788,0.0029139,0.0000905,0.0191014,0.0018584,0.002975,0.0022374,0.0007335,0.0026237,0.0014788,0.0183518,0.0195268,0.0203876,0.0198239,0.0197002,0.0004572,0.0007348,0.0193802,0.0023344,0.0191014,0.0011054,0.0198897,0.0199663,0.0198855,0.020112,0.0195128,0.019437,0.0197925,0.0005507,0.0197042,0.0197474,0.0193802,0.0201981,0.0004575,0.0203336,0.0191759,0.0007332,0.0017614,0.0012896,0.0021427,0.0024272,0.0022367,0.0022367,0.0021441,0.019929,0.0021441,0.0022389,0.002441,0.002441,0.0023325,0.0023325,0.0022353,0.0022353,0.0199309,0.0022362,0.0022362,0.0024272,0.0023347,0.0023316,0.0025252,0.0022359,0.0018554,0.0195268,0.0198239,0.0018554,0.0003653,0.0203876,0.0007341,0.0007341,0.0203405,0.0196566,0.0184022,0.0202011,0.0202011,0.0196566,0.0196566,0.0203897,0.0200679,0.0194399,0.0197954,0.0185433,0.0009215,0.0195184,0.0195184,0.0198269,0.0198269,0.0198269,0.0179282,0.0021459,0.0196666,0.0193954,0.0193954,0.0202011,0.0194909,0.0173732,0.0217458,0.0180542,0.0020499,0.0189086,0.0197789,0.0197861,0.0197907,0.0197948,0.0189051,0.0189051,0.0200709,0.0197503,0.0191058,0.0199295,0.0203897,0.0197015,0.0207451,0.0207451,0.0207466,0.0204379,0.0205789,0.0205789,0.0210042,0.0210086,0.0210033,0.0210086,0.0211509,0.0187418,0.018896,0.0187418,0.0217327,0.0192871,0.0198926,0.0181467,0.018316,0.018316,0.0203268,0.0192758,0.0174228,0.0167144,0.0194646,0.0176374,0.0185876,0.0186461,0.0184596,0.0176736,0.0186679,0.0186539,0.0184832,0.0188001,0.0173757,0.018385,0.0186333,0.0184902,0.0180674,0.018426,0.0185675,0.0176659,0.018385,0.0184114,0.0173757,0.0184056,0.0183078,0.0172432,0.0187272,0.0179423,0.0177798,,
AmMe_IRL_F_019,0.0028172,0.0002738,0.0011047,0.0024344,0.0028178,0.0026244,0.0002738,0.0026244,0.001199,0.0000904,0.0012913,0.0026236,0.0029156,0.0029156,0.0027201,0.0029139,0,0.0025289,0.0025289,0.0024344,0.0210225,0.0026261,0.0027213,0.0214345,0.0206002,0.0209833,0.0209777,0.0209777,0.0014791,0.0014791,0.0209314,0.0209842,0.0192678,0.0212923,0.0192076,0.0002741,0.001199,0.0027203,0.0002883,0.0025333,0.0027203,0.0012917,0.0029171,0.000001,0.0028168,0.0205946,0.0011981,0.0003851,0.0027157,0.0027203,0.0002737,0.0029171,0.0192678,0.0210316,0.0215704,0.0209988,0.0211999,0.0028172,0.0027252,0.0205463,0.0014788,0.0205946,0.0029166,0.0216669,0.0214715,0.0216623,0.0212919,0.0212833,0.0209314,0.0210225,0.002729,0.0212043,0.0215205,0.0205463,0.0213755,0.0026267,0.0215129,0.020665,0.0025273,0.0024253,0.0027187,0.0028132,0.0031012,0.0029082,0.0029082,0.002621,0.0215633,0.002621,0.002911,0.0031187,0.0031187,0.0030053,0.0030053,0.0027121,0.0027121,0.0208856,0.0029075,0.0029075,0.0031012,0.0030083,0.0030042,0.0030065,0.002907,0.0031107,0.0210316,0.0209988,0.0031107,0.002528,0.0215704,0.0025303,0.0025303,0.0215202,0.020826,0.0195781,0.0213787,0.0213787,0.020826,0.020826,0.0215737,0.0212433,0.0209345,0.0210256,0.0197227,0.0030231,0.0206856,0.0206856,0.0210019,0.0210019,0.0210019,0.0190993,0.0028165,0.0208382,0.0208973,0.0208973,0.0213787,0.0215373,0.0182665,0.0235762,0.018854,0.0031125,0.0201179,0.0212765,0.020957,0.0209619,0.0209663,0.0203879,0.0203879,0.0212469,0.0215237,0.0205994,0.0211028,0.0215737,0.0212013,0.0225476,0.0225476,0.0225487,0.0222295,0.0223745,0.0223745,0.0230958,0.0231006,0.0230948,0.0231006,0.0232476,0.0204736,0.0206344,0.0204736,0.0235608,0.0210567,0.0216701,0.0193187,0.0194931,0.0194931,0.021836,0.0207466,0.0183271,0.0177495,0.0209438,0.0185347,0.019506,0.0195676,0.0192656,0.0185729,0.019591,0.0193124,0.0194008,0.0197245,0.0182692,0.0193034,0.0195541,0.0194083,0.0189789,0.0193414,0.019374,0.0185648,0.0193034,0.0192205,0.0182692,0.0193252,0.0191053,0.0181347,0.0196407,0.0188457,0.0186795,,
AmMe_IRL_F_021,0.0011972,0.0022402,0.0013872,0.0010121,0.0002737,0.0011974,0.0022402,0.0011974,0.0018602,0.0013901,0.0015753,0.001197,0.0014788,0.0014788,0.0012905,0.001478,0.0025289,0,0.000001,0.0010121,0.019806,0.0013854,0.0003652,0.0202121,0.0191212,0.0194989,0.0194937,0.0194937,0.0015761,0.0015761,0.0194512,0.0194996,0.0178234,0.019799,0.0177772,0.0000909,0.0018602,0.0012906,0.002466,0.0011063,0.0012906,0.0015757,0.0014791,0.0025289,0.0013841,0.0191155,0.0014814,0.0025684,0.0018579,0.0012906,0.0022407,0.0014791,0.0178234,0.0195413,0.0204018,0.0198386,0.0197145,0.0011972,0.0012928,0.0193945,0.0019539,0.0191155,0.0014793,0.0201685,0.0199808,0.0201642,0.0201269,0.0197904,0.0194512,0.019806,0.0012945,0.0197186,0.0200255,0.0193945,0.0202129,0.0011984,0.0203485,0.0191899,0.0011039,0.0013856,0.0012898,0.0017638,0.0020465,0.0018573,0.0018573,0.0017649,0.0202085,0.0017649,0.0018591,0.002058,0.002058,0.0019523,0.0019523,0.0018561,0.0018561,0.0199455,0.0018569,0.0018569,0.0020465,0.0019542,0.0019516,0.0021435,0.0018566,0.001479,0.0195413,0.0198386,0.001479,0.0011041,0.0204018,0.0011051,0.0011051,0.0203554,0.0196701,0.0181425,0.0202159,0.0202159,0.0196701,0.0196701,0.0204049,0.0200826,0.019454,0.019809,0.018283,0.0015781,0.0195318,0.0195318,0.0198416,0.0198416,0.0198416,0.0176697,0.0017664,0.0196812,0.0194097,0.0194097,0.0202159,0.0200411,0.0168581,0.0217517,0.0175293,0.00186,0.0189224,0.0197842,0.0198006,0.0198042,0.0198084,0.0189188,0.0189188,0.0200856,0.0200285,0.0191199,0.0199441,0.0204049,0.0197158,0.0207507,0.0207507,0.0207523,0.0204434,0.0205845,0.0205845,0.0212879,0.0212923,0.0212869,0.0212923,0.0214353,0.0187468,0.0189011,0.0187468,0.0217387,0.019557,0.0201715,0.017888,0.0180562,0.0180562,0.0203323,0.0190119,0.016902,0.0164502,0.0194699,0.01712,0.0180583,0.0181145,0.0179308,0.017155,0.0181354,0.0178636,0.0179538,0.018267,0.0168605,0.0178554,0.0181021,0.0179607,0.0175417,0.0178987,0.0180392,0.0171476,0.0178554,0.0177706,0.0168605,0.0178753,0.0177846,0.0167291,0.0182003,0.0174212,0.017261,,
